Noisy instances (10_planning_2): 3 7 11 15 19 23 27 31 35 39 43 47 51 55 59 63 67 71 75 79 83 87 91 95 99 103 107 111 115 119 123 127 131 135 139 143 147 151 155 158 160 162 164 166 168 170 172 174 176 178 180 182
Noisy instances (11_statlog-heart_2): 2 3 4 11 12 14 32 38 41 45 48 68 70 77 85 88 92 113 131 135 140 145 147 154 161 162 170 183 188 201 208 211 218 219 235 249 253 257 259 263 265
Noisy instances (12_breast-tissue_6): 7 8 24 25 38 44 45 66 71 72 104
Noisy instances (13_dermatology_6): 49 87 141 347
Noisy instances (14_flags_8): 31 40 55 64 66 70 74 86 104 106 112 121 122 154 164 165 167
Noisy instances (15_glass_8): 3 4 6 11 13 20 71 93 96 97 98 100 103 106 107 109 110 121 125 126 127 129 130 134 142 145 146 151
Noisy instances (16_heart-cleveland_5): 2 3 7 9 10 13 17 23 24 25 30 32 37 38 39 41 46 48 53 55 56 57 58 61 63 65 66 67 69 70 72 73 74 75 77 80 92 96 97 105 107 108 109 110 111 112 114 115 119 120 121 122 124 125 127 137 138 139 142 144 147 154 156 157 158 159 162 169 173 175 178 181 182 188 189 190 192 194 200 206 208 210 212 214 215 225 230 232 233 236 237 238 244 246 247 248 249 252 260 265 266 268 269 271 273 279 281 285 286 291 293 294 295 297 298 299 300 301 302
Noisy instances (17_lung-cancer_3): 10 11 13 16 17 19 20 21 22
Noisy instances (19_primary-tumor_15): 2 3 4 5 6 7 8 9 10 11 12 13 14 15 16 17 18 19 20 22 23 24 25 26 27 28 29 31 32 33 34 35 36 37 38 39 40 41 42 43 44 46 47 48 49 50 51 52 54 55 56 57 58 59 60 61 62 63 64 65 66 67 68 69 70 71 72 73 74 75 76 77 78 79 80 81 82 83 85 86 87 88 89 90 91 92 93 94 95 96 97 98 99 100 101 102 103 104 105 106 107 108 109 110 111 112 113 114 115 116 117 118 119 120 121 122 123 124 125 126 127 128 129 130 131 132 133 134 135 136 137 138 139 140 141 142 143 144 145 146 147 148 149 150 151 152 153 154 155 156 157 158 159 160 161 162 163 164 165 166 167 168 169 170 171 172 173 174 175 176 177 178 179 180 181 182 183 184 185 186 187 188 189 190 191 192 193 194 195 196 197 198 199 200 201 202 203 204 205 206 207 208 209 210 211 212 213 214 215 216 217 218 219 220 221 222 223 224 225 226 227 228 229 230 231 232 233 234 235 236 237 238 239 240 241 242 243 244 245 246 247 248 249 250 251 252 253 254 255 256 257 258 259 260 261 262 263 264 265 266 267 268 269 270 271 272 273 274 275 276 277 278 279 280 281 282 283 284 285 286 287 288 289 290 291 292 293 294 295 296 297 298 299 300 301 302 303 304 305 306 307 308 309 310 311 312 313 314 315 316 317 318 319 320 321 322 323 324 325 326 327 328 329 330
Noisy instances (20_seeds_3): 9 20 38 44 61 62 70 125 166 180 198 200 202
Noisy instances (21_teaching_3): 19 28 33 39 45 63 67 72 78 81 82 83 86 87 88 93 94 95 96 97 100 104 106 107 109 110 113 114 116 118 119 120 121 122 123 125 128 133 137 141 142 143 145 151
Noisy instances (22_vertebral-column_3): 3 7 9 13 16 17 18 21 22 23 24 44 45 51 60 65 69 106 119 168 172 211 216 220 221 223 241 245 247 254 256 270 272 283 291 294 297 298 307
Noisy instances (23_wine_3): 26 84
Noisy instances (24_zoo_7): 73 82 100
