Noisy instances (0%): 
Noisy instances (2%): 132 124 51 128
Noisy instances (4%): 132 124 51 128 193 2 100 115
Noisy instances (6%): 132 124 51 128 193 2 100 115 200 146 76 105
Noisy instances (8%): 132 124 51 128 193 2 100 115 200 146 76 105 19 101 175 71
Noisy instances (10%): 132 124 51 128 193 2 100 115 200 146 76 105 19 101 175 71 135 42 32 117
Noisy instances (12%): 132 124 51 128 193 2 100 115 200 146 76 105 19 101 175 71 135 42 32 117 34 125 67 75
Noisy instances (14%): 132 124 51 128 193 2 100 115 200 146 76 105 19 101 175 71 135 42 32 117 34 125 67 75 131 85 129 65
Noisy instances (16%): 132 124 51 128 193 2 100 115 200 146 76 105 19 101 175 71 135 42 32 117 34 125 67 75 131 85 129 65 183 80 66 79
Noisy instances (18%): 132 124 51 128 193 2 100 115 200 146 76 105 19 101 175 71 135 42 32 117 34 125 67 75 131 85 129 65 183 80 66 79 58 60 154 118
Noisy instances (20%): 132 124 51 128 193 2 100 115 200 146 76 105 19 101 175 71 135 42 32 117 34 125 67 75 131 85 129 65 183 80 66 79 58 60 154 118 56 27 134 119
