Noisy instances (Cassini_3c_200e_00n): 
Noisy instances (Cassini_3c_200e_02n): 51 124 128 132
Noisy instances (Cassini_3c_200e_04n): 2 100 115 193
Noisy instances (Cassini_3c_200e_06n): 51 76 100 105 124 128 132 146 200
Noisy instances (Cassini_3c_200e_08n): 2 19 51 71 76 100 101 115 128 132 175 193
Noisy instances (Cassini_3c_200e_10n): 2 32 42 71 76 100 101 105 115 117 124 128 132 135 175 200
Noisy instances (Cassini_3c_200e_12n): 19 32 34 51 67 71 75 76 100 101 115 124 125 128 132 135 146 175 193 200
Noisy instances (Cassini_3c_200e_14n): 2 42 65 67 85 100 115 117 125 129 131 135 146 161 175
Noisy instances (Cassini_3c_200e_16n): 2 19 32 34 51 65 66 71 75 76 79 80 83 85 100 101 115 117 124 128 129 131 132 135 175 183 193 200
Noisy instances (Cassini_3c_200e_18n): 2 32 42 56 58 60 65 66 67 75 76 105 117 118 125 128 129 131 135 146 154 175 183 200
Noisy instances (Cassini_3c_200e_20n): 2 19 27 32 34 42 51 56 58 60 67 71 75 76 79 80 85 100 101 105 115 117 118 119 124 132 134 135 154 183 193
